Nq = 115
Nw = 2001
 
hbar dw (eV) = 0.0015
dq (rad/m) = 31415926.535897933
 
wmin = 0.0
wmax = 3.0
qmin = 0.0
qmax = 3581415625.0923643
